% data16m.m (16 Machine System Data)
% This is a 16-machine system with 86 transmission lines and
% 68 buses. Data are extracted from the GE final report
% entitled "Singular Perturbations, Coherency and
% Aggregation of Dynamic Systems," pp.6-42, July 1981.
% detailed generator models
% dc exciters on generators 1 to 9
% constant current active loads

% Bus data format
% bus: 
% col1 number
% col2 voltage magnitude(pu)
% col3 voltage angle(degree)
% col4 p_gen(pu)
% col5 q_gen(pu),
% col6 p_load(pu)
% col7 q_load(pu)
% col8 G shunt(pu)
% col9 B shunt(pu)
% col10 bus_type
%       bus_type - 1, swing bus
%                - 2, generator bus (PV bus)
%                - 3, load bus (PQ bus)
% col11 q_gen_max(pu)
% col12 q_gen_min(pu)


bus = [...
    1.0000    1.0450         0    2.5044    1.1550         0         0         0         0    1.0000         0         0
    2.0000    0.9800    3.5503    5.4500    1.8429         0         0         0         0    2.0000  999.0000 -999.0000
    3.0000    0.9830    5.5803    6.5000    1.9876         0         0         0         0    2.0000  999.0000 -999.0000
    4.0000    0.9970    6.6336    6.3200    1.0709         0         0         0         0    2.0000  999.0000 -999.0000
    5.0000    1.0110    5.1551    5.0520    1.6234         0         0         0         0    2.0000  999.0000 -999.0000
    6.0000    1.0500    9.4769    7.0000    2.1975         0         0         0         0    2.0000  999.0000 -999.0000
    7.0000    1.0630   11.7056    5.6000    0.9851         0         0         0         0    2.0000  999.0000 -999.0000
    8.0000    1.0300    5.5959    5.4000    0.0031         0         0         0         0    2.0000  999.0000 -999.0000
    9.0000    1.0250    9.9302    8.0000    0.0492         0         0         0         0    2.0000  999.0000 -999.0000
   10.0000    1.0100    5.0408    5.0000    0.0606         0         0         0         0    2.0000  999.0000 -999.0000
   11.0000    1.0000    7.4828   10.0000   -0.1726         0         0         0         0    2.0000  999.0000 -999.0000
   12.0000    1.0156   -6.0042   13.5000    2.4920         0         0         0         0    2.0000  999.0000 -999.0000
   13.0000    1.0110  -10.8676   35.9100    8.7547         0         0         0         0    2.0000  999.0000 -999.0000
   14.0000    1.0000   35.1608   17.8500    0.6217         0         0         0         0    2.0000  999.0000 -999.0000
   15.0000    1.0000   28.9208   10.0000    0.6719         0         0         0         0    2.0000  999.0000 -999.0000
   16.0000    1.0000   34.6654   40.0000    4.6005         0         0         0         0    2.0000  999.0000 -999.0000
   17.0000    1.0591   -4.2475         0         0    2.5270    1.1856         0         0    3.0000         0         0
   18.0000    1.0516   -2.4233         0         0   -0.0000    0.0000         0         0    3.0000         0         0
   19.0000    1.0327   -5.4265         0         0    3.2200    0.0200         0         0    3.0000         0         0
   20.0000    1.0059   -6.5455         0         0    5.0000    1.8400         0         0    3.0000         0         0
   21.0000    1.0072   -5.6066         0         0   -0.0000    0.0000         0         0    3.0000         0         0
   22.0000    1.0093   -4.9253         0         0   -0.0000    0.0000         0         0    3.0000         0         0
   23.0000    0.9995   -7.1964         0         0    2.3400    0.8400         0         0    3.0000         0         0
   24.0000    0.9990   -7.7388         0         0    5.2200    1.7700         0         0    3.0000         0         0
   25.0000    1.0391   -8.2850         0         0    1.0400    1.2500         0         0    3.0000         0         0
   26.0000    1.0184   -2.4066         0         0   -0.0000    0.0000         0         0    3.0000         0         0
   27.0000    1.0141   -3.2638         0         0   -0.0000    0.0000         0         0    3.0000         0         0
   28.0000    1.0553   -3.2401         0         0    0.0900    0.8800         0         0    3.0000         0         0
   29.0000    1.0157   -3.0745         0         0    0.0000    0.0000         0         0    3.0000         0         0
   30.0000    1.0134   -4.6215         0         0   -0.0000    0.0000         0         0    3.0000         0         0
   31.0000    1.0171   -4.7167         0         0    3.2000    1.5300         0         0    3.0000         0         0
   32.0000    1.0334   -3.1799         0         0    3.2900    0.3200         0         0    3.0000         0         0
   33.0000    1.0365   -4.2733         0         0    0.0000    0.0000         0         0    3.0000         0         0
   34.0000    1.0338   -5.1386         0         0    1.5800    0.3000         0         0    3.0000         0         0
   35.0000    1.0501    1.4150         0         0   -0.0000    0.0000         0         0    3.0000         0         0
   36.0000    0.9904   -0.0177         0         0    6.8000    1.0300         0         0    3.0000         0         0
   37.0000    1.0325   -0.5451         0         0    2.7400    1.1500         0         0    3.0000         0         0
   38.0000    1.0501    4.1377         0         0   -0.0000    0.0000         0         0    3.0000         0         0
   39.0000    1.0450    3.8497         0         0    2.4800    0.8500         0         0    3.0000         0         0
   40.0000    1.0386   -3.0067         0         0    3.0900   -0.9200         0         0    3.0000         0         0
   41.0000    1.0598   -1.1596         0         0    2.2400    0.4700         0         0    3.0000         0         0
   42.0000    1.0561   -2.6593         0         0    1.3900    0.1700         0         0    3.0000         0         0
   43.0000    1.0434   -4.5442         0         0    2.8100    0.7600         0         0    3.0000         0         0
   44.0000    1.0520    0.4748         0         0    2.0600    0.2800         0         0    3.0000         0         0
   45.0000    1.0509    3.1120         0         0    2.8400    0.2700         0         0    3.0000         0         0
   46.0000    1.0536   -4.7947         0         0    0.0000    0.0000         0         0    3.0000         0         0
   47.0000    1.0573   -2.2328         0         0    0.0000    0.0000         0         0    3.0000         0         0
   48.0000    1.0511    0.0923         0         0    0.0000    0.0000         0         0    3.0000         0         0
   49.0000    1.0562   -3.3917         0         0    1.1200    0.0000         0         0    3.0000         0         0
   50.0000    1.0652   -8.3281         0         0   -0.0000    0.0000         0         0    3.0000         0         0
   51.0000    1.0139   -8.3324         0         0   -0.0000   -0.0000         0         0    3.0000         0         0
   52.0000    1.0423  -11.7133         0         0    1.0200   -0.1946         0         0    3.0000         0         0
   53.0000    1.0290  -17.6715         0         0   60.0000    3.0000         0         0    3.0000         0         0
   54.0000    1.0558   -2.1864         0         0   -0.0000    0.0000         0         0    3.0000         0         0
   55.0000    1.0056  -19.3084         0         0    2.6700    0.1260         0         0    3.0000         0         0
   56.0000    1.0677    4.3536         0         0    0.6563    0.2353         0         0    3.0000         0         0
   57.0000    0.9994   33.6257         0         0   10.0000    2.5000         0         0    3.0000         0         0
   58.0000    0.9991   28.0606         0         0   11.5000    2.5000         0         0    3.0000         0         0
   59.0000    1.0147  -18.4729         0         0    0.0000   -0.0000         0         0    3.0000         0         0
