% clear all ; close all; clear memory; clc;
%% Los saco Manual después de ejecutar el fichero File1_Quadrature_BCC
%% ajuste 60 puntos de frecuencia para cada aproximación Lp=3.00 y Lq=3.23 es el de mejores resultados
%% omega_jota y zeta_ka  puntos de frecuencia ordenados y separados 
%% phi_jota  y rho_k     pesos para los puntos de frecuencia duplicados para los complejos conjugados

%% vector de frecuencias 1
omega_jota=[
0.0772693582673798	
0.232218973326034	
0.388410062092409	
0.546699935258013	
0.707991831423507	
0.873256277531527	
1.04355572905985	
1.22007388304856	
1.40415147888019	
1.59733102432801	
1.80141380299881	
2.01853388574611	
2.25125592859733	
2.50270669869737	
2.77675521260056	
3.07826428557516	
3.41344929759575	
3.79040199773208	
4.21987570029285	
4.71649828675546	
5.30071254555204	
6.00200962032979	
6.86458709646080	
7.95785642144116	
9.39745727144381	
11.3914886447510	
14.3560860122250	
19.2621520547918	
29.0222786193880	
58.1991985435572];

%% vector de frecuencias 2
zeta_ka=[0.0831933424012122	
0.250022427947697	
0.418188166852827	
0.588613596961128	
0.762271205165976	
0.940205925475610	
1.12356166828777	
1.31361288074895	
1.51180309226101	
1.71979306952649	
1.93952219456205	
2.17328815031998	
2.42385221645646	
2.69458087893084	
2.98963977889993	
3.31426454746926	
3.67514707707809	
4.08099948422487	
4.54339950398197	
5.07809648874004	
5.70710050737769	
6.46216369122174	
7.39087210718946	
8.56795874708498	
10.1179289955878	
12.2648361075152	
15.4567192731622	
20.7389170456591	
31.2473199802077	
62.6611370985633];

%% vector de pesos 1
phi_jota=[
    0.393201035429061	
    0.393201035429061	
    0.394246506290182	
    0.394246506290182	
    0.396351406258628	
    0.396351406258628	
    0.399544109523426	
    0.399544109523426	
    0.403868349786547	
    0.403868349786547	
    0.409384708878118	
    0.409384708878118	
    0.416172746637479	
    0.416172746637479	
    0.424333915546157	
    0.424333915546157	
    0.433995466871751	
    0.433995466871751	
    0.445315642856802	
    0.445315642856802	
    0.458490574684809	
    0.458490574684809	
    0.473763488793440	
    0.473763488793440	
    0.491437097013566	
    0.491437097013566	
    0.511890462299486	
    0.511890462299486	
    0.535602281352649	
    0.535602281352649	
    0.563183563940015	
    0.563183563940015	
    0.595424394172578	
    0.595424394172578	
    0.633362344634165	
    0.633362344634165	
    0.678385163623500	
    0.678385163623499	
    0.732389536040873	
    0.732389536040873	
    0.798035160599247	
    0.798035160599247	
    0.879168270013308	
    0.879168270013308	
    0.981562848970475	
    0.981562848970474	
    1.11429724018856	
    1.11429724018855	
    1.29250741735968	
    1.29250741735967	
    1.54344425131553	
    1.54344425131553	
    1.92161674998629	
    1.92161674998629	
    2.55422186940207	
    2.55422186940206	
    3.82286388438055	
    3.82286388438054	
    7.63559022097466	
    7.63559022097463
    ];

%% vector de pesos 2
rho_ka=[
    0.407995418792838	
    0.407995418792838	
    0.409080226012008	
    0.409080226012008	
    0.411264323882468	
    0.411264323882468	
    0.414577154186134	
    0.414577154186134	
    0.419064096127139	
    0.419064096127139	
    0.424788010956919	
    0.424788010956919	
    0.431831451993105	
    0.431831451993105	
    0.440299688917002	
    0.440299688917002	
    0.450324760888069	
    0.450324760888069	
    0.462070864091459	
    0.462070864091459	
    0.475741509243421	
    0.475741509243421	
    0.491589074296596	
    0.491589074296596	
    0.509927660764159	
    0.509927660764159	
    0.531150594031478	
    0.531150594031478	
    0.555754582000072	
    0.555754582000072	
    0.584373623981476	
    0.584373623981476	
    0.617827531391994	
    0.617827531391993	
    0.657192915996912	
    0.657192915996912	
    0.703909740810823	
    0.703909740810822	
    0.759946054441146	
    0.759946054441146	
    0.828061628079921	
    0.828061628079921	
    0.912247410849375	
    0.912247410849374	
    1.01849463646555	
    1.01849463646555	
    1.15622322477951	
    1.15622322477951	
    1.34113864797706	
    1.34113864797706	
    1.60151710437825	
    1.60151710437824	
    1.99391853028687	
    1.99391853028687	
    2.65032573009216	
    2.65032573009216	
    3.96670102812394	
    3.96670102812393	
    7.92288307821380	
    7.92288307821377];

